1 0.259765625 0.2902777777777778 
1 0.50625 0.28680555555555554 
1 0.61796875 0.2826388888888889 
1 0.673046875 0.28125 
1 0.701171875 0.27847222222222223 
1 0.78671875 0.27708333333333335 
1 0.81640625 0.2743055555555556 
1 0.223046875 0.3993055555555556 
1 0.350390625 0.40208333333333335 
1 0.465234375 0.39652777777777776 
1 0.521875 0.39652777777777776 
1 0.67890625 0.39375 
1 0.7734375 0.39166666666666666 
1 0.806640625 0.3909722222222222 
1 0.232421875 0.4597222222222222 
1 0.291015625 0.4652777777777778 
1 0.335546875 0.46875 
1 0.39453125 0.46805555555555556 
1 0.456640625 0.46805555555555556 
1 0.55234375 0.46597222222222223 
1 0.582421875 0.4673611111111111 
1 0.71171875 0.4652777777777778 
1 0.74609375 0.46597222222222223 
1 0.77890625 0.46319444444444446 
1 0.187109375 0.61875 
1 0.219140625 0.6166666666666667 
1 0.2515625 0.6222222222222222 
1 0.30234375 0.61875 
1 0.33671875 0.6166666666666667 
1 0.37265625 0.6201388888888889 
1 0.405078125 0.6201388888888889 
1 0.438671875 0.6236111111111111 
1 0.47109375 0.6222222222222222 
1 0.6140625 0.6201388888888889 
1 0.651953125 0.6256944444444444 
1 0.689453125 0.6277777777777778 
1 0.7640625 0.625 
1 0.801171875 0.6277777777777778 
1 0.837109375 0.6236111111111111 
1 0.1375 0.7388888888888889 
1 0.25703125 0.7368055555555556 
1 0.9390625 0.40625 
1 0.956640625 0.4798611111111111 
1 0.978515625 0.5722222222222222 
1 0.89375 0.7319444444444444 
1 0.722265625 0.7298611111111111 
1 0.778515625 0.7298611111111111 
1 0.59609375 0.7291666666666666 
1 0.446875 0.94375 
1 0.30625 0.9402777777777778 
1 0.250390625 0.9395833333333333 
1 0.16484375 0.9326388888888889 
1 0.098046875 0.6173611111111111 
1 0.0640625 0.6166666666666667 
1 0.033203125 0.6118055555555556 
1 0.03203125 0.5368055555555555 
1 0.144921875 0.4618055555555556 
1 0.137890625 0.40069444444444446 
1 0.088671875 0.40902777777777777 
1 0.060546875 0.4041666666666667 
1 0.0171875 0.4625 
1 0.48125 0.23680555555555555 
1 0.535546875 0.23680555555555555 
1 0.666796875 0.23194444444444445 
1 0.720703125 0.2298611111111111 
1 0.68984375 0.14027777777777778 
1 0.6640625 0.10486111111111111 
1 0.6140625 0.10416666666666667 
1 0.5453125 0.10833333333333334 
1 0.49375 0.15 
1 0.498046875 0.10833333333333334 
1 0.47421875 0.11458333333333333 
1 0.425 0.15138888888888888 
1 0.433203125 0.24097222222222223 
1 0.346484375 0.24097222222222223 
1 0.296875 0.23819444444444443 
1 0.2078125 0.2951388888888889 
1 0.1828125 0.29375 
1 0.15859375 0.29305555555555557 
1 0.11171875 0.29375 
1 0.0875 0.2972222222222222 
1 0.019921875 0.2972222222222222 
1 0.04375 0.25069444444444444 
1 0.1328125 0.24513888888888888 
1 0.04765625 0.10972222222222222 
1 0.056640625 0.08888888888888889 
1 0.0890625 0.04027777777777778 
1 0.0984375 0.021527777777777778 
1 0.0875 0.1638888888888889 
1 0.107421875 0.16597222222222222 
1 0.128515625 0.1625 
1 0.191015625 0.15833333333333333 
1 0.233203125 0.15625 
1 0.255859375 0.15555555555555556 
1 0.298046875 0.15138888888888888 
1 0.3421875 0.15902777777777777 
1 0.32734375 0.11666666666666667 
1 0.353125 0.11805555555555555 
1 0.248828125 0.11597222222222223 
1 0.18515625 0.1284722222222222 
1 0.10546875 0.12986111111111112 
1 0.13984375 0.06458333333333334 
1 0.17578125 0.030555555555555555 
1 0.233984375 0.05486111111111111 
1 0.27265625 0.052083333333333336 
1 0.3203125 0.01597222222222222 
1 0.33359375 0.05 
1 0.4265625 0.04583333333333333 
1 0.487109375 0.03888888888888889 
1 0.61484375 0.029861111111111113 
1 0.63828125 0.029166666666666667 
1 0.660546875 0.029861111111111113 
1 0.728125 0.029166666666666667 
1 0.771875 0.027083333333333334 
1 0.81953125 0.027777777777777776 
1 0.9125 0.7895833333333333 
1 0.930078125 0.8555555555555555 
1 0.643359375 0.9506944444444444 
1 0.54453125 0.95625 
1 0.575390625 0.013194444444444444 
1 0.862109375 0.01875 
1 0.841015625 0.0875 
1 0.747265625 0.007638888888888889 
