1 0.259765625 0.2902777777777778 
1 0.286328125 0.2902777777777778 
1 0.3109375 0.28888888888888886 
1 0.336328125 0.29097222222222224 
1 0.3765625 0.2875 
1 0.404296875 0.2881944444444444 
1 0.430078125 0.2902777777777778 
1 0.4546875 0.2875 
1 0.48125 0.28888888888888886 
1 0.50625 0.28680555555555554 
1 0.5328125 0.28680555555555554 
1 0.5609375 0.28194444444444444 
1 0.588671875 0.2826388888888889 
1 0.644140625 0.28125 
1 0.673046875 0.28125 
1 0.701171875 0.27847222222222223 
1 0.78671875 0.27708333333333335 
1 0.19765625 0.40069444444444446 
1 0.223046875 0.3993055555555556 
1 0.249609375 0.4013888888888889 
1 0.281640625 0.4013888888888889 
1 0.350390625 0.40208333333333335 
1 0.375390625 0.4013888888888889 
1 0.436328125 0.39791666666666664 
1 0.465234375 0.39652777777777776 
1 0.495703125 0.3958333333333333 
1 0.521875 0.39652777777777776 
1 0.58359375 0.39652777777777776 
1 0.61328125 0.39305555555555555 
1 0.67890625 0.39375 
1 0.709375 0.38958333333333334 
1 0.7734375 0.39166666666666666 
1 0.176171875 0.4618055555555556 
1 0.205078125 0.4638888888888889 
1 0.232421875 0.4597222222222222 
1 0.26015625 0.4673611111111111 
1 0.291015625 0.4652777777777778 
1 0.335546875 0.46875 
1 0.3671875 0.4666666666666667 
1 0.39453125 0.46805555555555556 
1 0.42734375 0.4638888888888889 
1 0.456640625 0.46805555555555556 
1 0.48984375 0.46805555555555556 
1 0.51875 0.46875 
1 0.55234375 0.46597222222222223 
1 0.582421875 0.4673611111111111 
1 0.613671875 0.4666666666666667 
1 0.646875 0.4638888888888889 
1 0.71171875 0.4652777777777778 
1 0.74609375 0.46597222222222223 
1 0.77890625 0.46319444444444446 
1 0.812109375 0.46597222222222223 
1 0.8484375 0.4597222222222222 
1 0.121875 0.6152777777777778 
1 0.1515625 0.6180555555555556 
1 0.187109375 0.61875 
1 0.219140625 0.6166666666666667 
1 0.2515625 0.6222222222222222 
1 0.30234375 0.61875 
1 0.33671875 0.6166666666666667 
1 0.37265625 0.6201388888888889 
1 0.405078125 0.6201388888888889 
1 0.438671875 0.6236111111111111 
1 0.47109375 0.6222222222222222 
1 0.506640625 0.6243055555555556 
1 0.54140625 0.6208333333333333 
1 0.57890625 0.6222222222222222 
1 0.6140625 0.6201388888888889 
1 0.651953125 0.6256944444444444 
1 0.689453125 0.6277777777777778 
1 0.7265625 0.6256944444444444 
1 0.7640625 0.625 
1 0.801171875 0.6277777777777778 
1 0.837109375 0.6236111111111111 
1 0.875 0.6215277777777778 
1 0.095703125 0.7368055555555556 
1 0.1375 0.7388888888888889 
1 0.1765625 0.7388888888888889 
1 0.25703125 0.7368055555555556 
1 0.300390625 0.7354166666666667 
1 0.470703125 0.7444444444444445 
1 0.510546875 0.7479166666666667 
1 0.070703125 0.9375 
1 0.1125 0.9256944444444445 
1 0.16171875 0.9361111111111111 
1 0.2546875 0.9395833333333333 
1 0.44921875 0.95 
1 0.5 0.9541666666666667 
1 0.545703125 0.9493055555555555 
1 0.69921875 0.9527777777777777 
1 0.749609375 0.9402777777777778 
1 0.95 0.9319444444444445 
1 0.92734375 0.8541666666666666 
1 0.915234375 0.7868055555555555 
1 0.9 0.7291666666666666 
1 0.980859375 0.60625 
1 0.925390625 0.3506944444444444 
1 0.826953125 0.7361111111111112 
1 0.77734375 0.7361111111111112 
1 0.72734375 0.7270833333333333 
1 0.592578125 0.7284722222222222 
1 0.029296875 0.7229166666666667 
1 0.09375 0.6131944444444445 
1 0.065234375 0.6125 
1 0.035546875 0.6131944444444445 
1 0.013671875 0.6111111111111112 
1 0.14765625 0.46111111111111114 
1 0.120703125 0.4625 
1 0.09609375 0.45625 
1 0.04296875 0.45902777777777776 
1 0.018359375 0.4548611111111111 
1 0.016015625 0.40069444444444446 
1 0.041015625 0.40208333333333335 
1 0.067578125 0.4013888888888889 
1 0.091796875 0.4041666666666667 
1 0.121875 0.3972222222222222 
1 0.144140625 0.3993055555555556 
1 0.6703125 0.22777777777777777 
1 0.58984375 0.2263888888888889 
1 0.48828125 0.22916666666666666 
1 0.382421875 0.23680555555555555 
1 0.349609375 0.2361111111111111 
1 0.179296875 0.24027777777777778 
1 0.207421875 0.29305555555555557 
1 0.18203125 0.29305555555555557 
1 0.158203125 0.29305555555555557 
1 0.133984375 0.29097222222222224 
1 0.11015625 0.2972222222222222 
1 0.06796875 0.25069444444444444 
1 0.04375 0.29444444444444445 
1 0.02265625 0.2951388888888889 
1 0.172265625 0.1597222222222222 
1 0.132421875 0.16319444444444445 
1 0.110546875 0.16527777777777777 
1 0.087109375 0.16666666666666666 
1 0.105859375 0.12708333333333333 
1 0.12890625 0.125 
1 0.148828125 0.12152777777777778 
1 0.187109375 0.11666666666666667 
1 0.20859375 0.12291666666666666 
1 0.2921875 0.11597222222222223 
1 0.312109375 0.11597222222222223 
1 0.38046875 0.10972222222222222 
1 0.371875 0.15763888888888888 
1 0.40234375 0.15625 
1 0.412109375 0.1125 
1 0.43359375 0.11458333333333333 
1 0.4296875 0.1527777777777778 
1 0.5046875 0.10833333333333334 
1 0.615625 0.13819444444444445 
1 0.615234375 0.09166666666666666 
1 0.7171875 0.12916666666666668 
1 0.765625 0.13125 
1 0.751171875 0.025 
1 0.70625 0.03125 
1 0.532421875 0.0375 
1 0.509765625 0.0375 
1 0.4328125 0.017361111111111112 
1 0.401953125 0.018055555555555554 
1 0.35390625 0.04791666666666667 
1 0.296484375 0.05 
1 0.305859375 0.017361111111111112 
1 0.285546875 0.017361111111111112 
1 0.275 0.04791666666666667 
1 0.25546875 0.05277777777777778 
1 0.26328125 0.022916666666666665 
1 0.246875 0.025 
1 0.21015625 0.027777777777777776 
1 0.19140625 0.027777777777777776 
1 0.17421875 0.027777777777777776 
1 0.153125 0.03333333333333333 
1 0.141796875 0.06458333333333334 
1 0.1625 0.06180555555555556 
1 0.180859375 0.06180555555555556 
1 0.014453125 0.1736111111111111 
1 0.021875 0.15347222222222223 
1 0.0484375 0.10902777777777778 
1 0.059765625 0.09236111111111112 
1 0.07578125 0.059722222222222225 
1 0.094921875 0.035416666666666666 
1 0.1078125 0.011805555555555555 
1 0.909375 0.2861111111111111 
1 0.888671875 0.18888888888888888 
