1 0.015234375 0.6097222222222223 
1 0.01875 0.46597222222222223 
1 0.294921875 0.9444444444444444 
1 0.541796875 0.6229166666666667 
1 0.434375 0.1125 
1 0.595703125 0.034027777777777775 
1 0.42890625 0.04583333333333333 
1 0.29375 0.05347222222222222 
1 0.2546875 0.05416666666666667 
1 0.246875 0.02361111111111111 
1 0.211328125 0.02847222222222222 
1 0.21015625 0.0798611111111111 
1 0.066015625 0.30486111111111114 
1 0.04375 0.24930555555555556 
1 0.089453125 0.17083333333333334 
1 0.10625 0.12986111111111112 
1 0.126953125 0.13333333333333333 
1 0.144921875 0.1326388888888889 
1 0.161328125 0.06458333333333334 
1 0.17578125 0.025694444444444443 
1 0.141796875 0.06597222222222222 
1 0.141796875 0.019444444444444445 
1 0.0984375 0.024305555555555556 
1 0.0671875 0.08125 
1 0.03671875 0.125 
1 0.00859375 0.19305555555555556 
1 0.10546875 0.009027777777777777 
