1 0.308984375 0.9479166666666666 
1 0.253515625 0.9506944444444444 
1 0.21640625 0.9222222222222223 
1 0.16796875 0.93125 
1 0.40390625 0.9534722222222223 
1 0.453515625 0.9479166666666666 
1 0.748046875 0.9472222222222222 
1 0.731640625 0.7263888888888889 
1 0.8984375 0.7305555555555555 
1 0.91484375 0.79375 
1 0.939453125 0.8652777777777778 
1 0.95546875 0.9618055555555556 
1 0.59765625 0.7284722222222222 
1 0.98671875 0.6270833333333333 
1 0.975 0.5423611111111111 
1 0.9546875 0.46458333333333335 
1 0.937109375 0.40069444444444446 
1 0.9203125 0.3388888888888889 
1 0.85390625 0.46875 
1 0.880078125 0.6340277777777777 
1 0.842578125 0.6319444444444444 
1 0.512890625 0.7263888888888889 
1 0.46953125 0.73125 
1 0.42890625 0.7333333333333333 
1 0.298828125 0.7270833333333333 
1 0.26171875 0.7270833333333333 
1 0.177734375 0.7236111111111111 
1 0.139453125 0.7215277777777778 
1 0.059375 0.7236111111111111 
1 0.025390625 0.7277777777777777 
1 0.80625 0.6333333333333333 
1 0.7671875 0.6305555555555555 
1 0.725390625 0.6277777777777778 
1 0.689453125 0.6243055555555556 
1 0.654296875 0.6208333333333333 
1 0.6171875 0.6222222222222222 
1 0.5796875 0.6236111111111111 
1 0.507421875 0.6263888888888889 
1 0.471875 0.6229166666666667 
1 0.437890625 0.6256944444444444 
1 0.402734375 0.6243055555555556 
1 0.370703125 0.6236111111111111 
1 0.335546875 0.61875 
1 0.301171875 0.6208333333333333 
1 0.25546875 0.6208333333333333 
1 0.2234375 0.6222222222222222 
1 0.18984375 0.6166666666666667 
1 0.159375 0.6159722222222223 
1 0.1265625 0.61875 
1 0.096875 0.6152777777777778 
1 0.06484375 0.6145833333333334 
1 0.034765625 0.6090277777777777 
1 0.012890625 0.6118055555555556 
1 0.837109375 0.3958333333333333 
1 0.8046875 0.39652777777777776 
1 0.816015625 0.46319444444444446 
1 0.774609375 0.3951388888888889 
1 0.779296875 0.4625 
1 0.742578125 0.40069444444444446 
1 0.745703125 0.46458333333333335 
1 0.7109375 0.39791666666666664 
1 0.714453125 0.46041666666666664 
1 0.678125 0.38958333333333334 
1 0.680078125 0.46111111111111114 
1 0.646875 0.39166666666666666 
1 0.6453125 0.4625 
1 0.61640625 0.3902777777777778 
1 0.61640625 0.46319444444444446 
1 0.58359375 0.39861111111111114 
1 0.584765625 0.46319444444444446 
1 0.5515625 0.4597222222222222 
1 0.519140625 0.4625 
1 0.490234375 0.4618055555555556 
1 0.46015625 0.46319444444444446 
1 0.430078125 0.4638888888888889 
1 0.39765625 0.4666666666666667 
1 0.369140625 0.46319444444444446 
1 0.337890625 0.4625 
1 0.30859375 0.4013888888888889 
1 0.29375 0.46319444444444446 
1 0.281640625 0.4027777777777778 
1 0.260546875 0.4652777777777778 
1 0.23203125 0.4638888888888889 
1 0.205859375 0.4625 
1 0.1765625 0.4673611111111111 
1 0.15234375 0.4618055555555556 
1 0.124609375 0.4625 
1 0.09609375 0.46597222222222223 
1 0.068359375 0.46458333333333335 
1 0.040234375 0.46319444444444446 
1 0.017578125 0.46111111111111114 
1 0.55546875 0.3972222222222222 
1 0.523828125 0.39375 
1 0.4953125 0.3993055555555556 
1 0.464453125 0.3993055555555556 
1 0.40859375 0.40069444444444446 
1 0.381640625 0.39861111111111114 
1 0.353515625 0.4 
1 0.254296875 0.39861111111111114 
1 0.22421875 0.4 
1 0.196484375 0.40208333333333335 
1 0.169921875 0.40347222222222223 
1 0.1421875 0.40069444444444446 
1 0.116796875 0.40208333333333335 
1 0.09140625 0.4027777777777778 
1 0.06796875 0.40208333333333335 
1 0.0421875 0.3958333333333333 
1 0.016796875 0.3993055555555556 
1 0.820703125 0.275 
1 0.78984375 0.2798611111111111 
1 0.761328125 0.2763888888888889 
1 0.728515625 0.28055555555555556 
1 0.701171875 0.27847222222222223 
1 0.69765625 0.22708333333333333 
1 0.725390625 0.22430555555555556 
1 0.75078125 0.22291666666666668 
1 0.78046875 0.22361111111111112 
1 0.81015625 0.2222222222222222 
1 0.669921875 0.22430555555555556 
1 0.671484375 0.27708333333333335 
1 0.64375 0.27708333333333335 
1 0.644921875 0.225 
1 0.61953125 0.2263888888888889 
1 0.615234375 0.2791666666666667 
1 0.589453125 0.22708333333333333 
1 0.587109375 0.27708333333333335 
1 0.562890625 0.22708333333333333 
1 0.5609375 0.2875 
1 0.53671875 0.28125 
1 0.53671875 0.2326388888888889 
1 0.511328125 0.2263888888888889 
1 0.508984375 0.2826388888888889 
1 0.48515625 0.23472222222222222 
1 0.48046875 0.2847222222222222 
1 0.462109375 0.23402777777777778 
1 0.454296875 0.28125 
1 0.437890625 0.23333333333333334 
1 0.426953125 0.2861111111111111 
1 0.412109375 0.2375 
1 0.4 0.28541666666666665 
1 0.376953125 0.28888888888888886 
1 0.383203125 0.23472222222222222 
1 0.350390625 0.23055555555555557 
1 0.3390625 0.29305555555555557 
1 0.321875 0.2388888888888889 
1 0.312890625 0.28680555555555554 
1 0.298828125 0.23680555555555555 
1 0.2875 0.28194444444444444 
1 0.27578125 0.24027777777777778 
1 0.25859375 0.29305555555555557 
1 0.249609375 0.2361111111111111 
1 0.234375 0.28888888888888886 
1 0.226953125 0.23819444444444443 
1 0.21171875 0.2881944444444444 
1 0.202734375 0.2375 
1 0.18515625 0.29583333333333334 
1 0.176953125 0.2388888888888889 
1 0.16171875 0.2916666666666667 
1 0.15390625 0.2388888888888889 
1 0.13125 0.2423611111111111 
1 0.10859375 0.24166666666666667 
1 0.139453125 0.2916666666666667 
1 0.1140625 0.29305555555555557 
1 0.09140625 0.29305555555555557 
1 0.0671875 0.29444444444444445 
1 0.08671875 0.24791666666666667 
1 0.065625 0.25 
1 0.04140625 0.24930555555555556 
1 0.020703125 0.29583333333333334 
1 0.0453125 0.29305555555555557 
1 0.795703125 0.13472222222222222 
1 0.766015625 0.1375 
1 0.73984375 0.13194444444444445 
1 0.715625 0.13819444444444445 
1 0.691015625 0.13958333333333334 
1 0.666015625 0.1375 
1 0.640234375 0.13819444444444445 
1 0.616015625 0.13819444444444445 
1 0.591796875 0.14305555555555555 
1 0.567578125 0.14375 
1 0.54453125 0.14305555555555555 
1 0.520703125 0.1451388888888889 
1 0.47421875 0.15138888888888888 
1 0.4515625 0.15138888888888888 
1 0.427734375 0.1451388888888889 
1 0.403515625 0.14930555555555555 
1 0.787109375 0.09097222222222222 
1 0.76015625 0.09236111111111112 
1 0.7375 0.09513888888888888 
1 0.7125 0.09305555555555556 
1 0.6890625 0.09861111111111111 
1 0.662890625 0.09513888888888888 
1 0.640625 0.09861111111111111 
1 0.618359375 0.09583333333333334 
1 0.591796875 0.09583333333333334 
1 0.56953125 0.10277777777777777 
1 0.546875 0.1 
1 0.525 0.10208333333333333 
1 0.5 0.10972222222222222 
1 0.4796875 0.10625 
1 0.459375 0.11041666666666666 
1 0.43515625 0.1076388888888889 
1 0.410546875 0.1111111111111111 
1 0.380859375 0.11388888888888889 
1 0.36796875 0.15416666666666667 
1 0.3578125 0.11597222222222223 
1 0.349609375 0.15347222222222223 
1 0.33515625 0.1125 
1 0.324609375 0.15069444444444444 
1 0.31484375 0.1125 
1 0.29296875 0.11597222222222223 
1 0.302734375 0.15486111111111112 
1 0.28046875 0.15208333333333332 
1 0.2703125 0.11527777777777778 
1 0.251171875 0.11736111111111111 
1 0.23203125 0.11875 
1 0.258984375 0.1527777777777778 
1 0.237890625 0.1527777777777778 
1 0.21328125 0.15347222222222223 
1 0.207421875 0.12083333333333333 
1 0.187890625 0.12291666666666666 
1 0.16640625 0.12430555555555556 
1 0.146484375 0.12291666666666666 
1 0.12734375 0.12569444444444444 
1 0.103125 0.13194444444444445 
1 0.192578125 0.15694444444444444 
1 0.1703125 0.1597222222222222 
1 0.151171875 0.15902777777777777 
1 0.13203125 0.16319444444444445 
1 0.110546875 0.16666666666666666 
1 0.015234375 0.17916666666666667 
1 0.01875 0.15833333333333333 
1 0.028515625 0.13958333333333334 
1 0.03984375 0.12083333333333333 
1 0.05 0.10694444444444444 
1 0.059375 0.09166666666666666 
1 0.07109375 0.07708333333333334 
1 0.075390625 0.06111111111111111 
1 0.084375 0.049305555555555554 
1 0.09296875 0.034722222222222224 
1 0.1 0.02013888888888889 
1 0.10703125 0.009722222222222222 
1 0.1390625 0.06597222222222222 
1 0.16171875 0.05486111111111111 
1 0.18046875 0.06111111111111111 
1 0.196484375 0.05763888888888889 
1 0.21953125 0.05486111111111111 
1 0.2359375 0.05277777777777778 
1 0.255078125 0.05277777777777778 
1 0.274609375 0.05138888888888889 
1 0.295703125 0.04861111111111111 
1 0.312890625 0.049305555555555554 
1 0.3328125 0.04722222222222222 
1 0.355078125 0.04583333333333333 
1 0.374609375 0.050694444444444445 
1 0.399609375 0.04652777777777778 
1 0.426171875 0.04652777777777778 
1 0.44921875 0.04027777777777778 
1 0.469921875 0.03958333333333333 
1 0.48671875 0.043055555555555555 
1 0.511328125 0.03888888888888889 
1 0.53515625 0.035416666666666666 
1 0.553125 0.03958333333333333 
1 0.574609375 0.029861111111111113 
1 0.594140625 0.03194444444444444 
1 0.616015625 0.02847222222222222 
1 0.638671875 0.029166666666666667 
1 0.6609375 0.027777777777777776 
1 0.683984375 0.027777777777777776 
1 0.705859375 0.027083333333333334 
1 0.728515625 0.022916666666666665 
1 0.751953125 0.02361111111111111 
1 0.77265625 0.021527777777777778 
1 0.7984375 0.025 
1 0.82109375 0.02013888888888889 
1 0.840234375 0.018055555555555554 
1 0.155078125 0.029166666666666667 
1 0.173046875 0.024305555555555556 
1 0.19296875 0.02638888888888889 
1 0.209765625 0.024305555555555556 
1 0.226171875 0.022222222222222223 
1 0.246875 0.021527777777777778 
1 0.266015625 0.01875 
1 0.2859375 0.014583333333333334 
1 0.304296875 0.014583333333333334 
1 0.3234375 0.014583333333333334 
1 0.341796875 0.01597222222222222 
1 0.362109375 0.013888888888888888 
1 0.383203125 0.014583333333333334 
1 0.40390625 0.011805555555555555 
1 0.431640625 0.0125 
1 0.703125 0.9576388888888889 
1 0.65 0.9548611111111112 
1 0.596875 0.9506944444444444 
1 0.544140625 0.9486111111111111 
1 0.115625 0.9416666666666667 
1 0.455078125 0.013888888888888888 
1 0.474609375 0.008333333333333333 
1 0.49453125 0.011805555555555555 
1 0.516015625 0.011111111111111112 
1 0.53359375 0.011111111111111112 
1 0.554296875 0.008333333333333333 
