1 0.3109375 0.28888888888888886 
1 0.430078125 0.2902777777777778 
1 0.48125 0.28888888888888886 
1 0.5609375 0.28194444444444444 
1 0.644140625 0.28125 
1 0.673046875 0.28125 
1 0.78671875 0.27708333333333335 
1 0.350390625 0.40208333333333335 
1 0.409765625 0.3958333333333333 
1 0.67890625 0.39375 
1 0.709375 0.38958333333333334 
1 0.741015625 0.39166666666666666 
1 0.7734375 0.39166666666666666 
1 0.205078125 0.4638888888888889 
1 0.335546875 0.46875 
1 0.456640625 0.46805555555555556 
1 0.51875 0.46875 
1 0.55234375 0.46597222222222223 
1 0.613671875 0.4666666666666667 
1 0.646875 0.4638888888888889 
1 0.74609375 0.46597222222222223 
1 0.812109375 0.46597222222222223 
1 0.8484375 0.4597222222222222 
1 0.121875 0.6152777777777778 
1 0.1515625 0.6180555555555556 
1 0.187109375 0.61875 
1 0.219140625 0.6166666666666667 
1 0.2515625 0.6222222222222222 
1 0.30234375 0.61875 
1 0.33671875 0.6166666666666667 
1 0.37265625 0.6201388888888889 
1 0.438671875 0.6236111111111111 
1 0.47109375 0.6222222222222222 
1 0.506640625 0.6243055555555556 
1 0.54140625 0.6208333333333333 
1 0.7265625 0.6256944444444444 
1 0.7640625 0.625 
1 0.875 0.6215277777777778 
1 0.059375 0.7333333333333333 
1 0.1375 0.7388888888888889 
1 0.1765625 0.7388888888888889 
1 0.219140625 0.7368055555555556 
1 0.25703125 0.7368055555555556 
1 0.429296875 0.7409722222222223 
1 0.510546875 0.7479166666666667 
1 0.309375 0.9472222222222222 
1 0.40078125 0.9513888888888888 
1 0.543359375 0.9513888888888888 
1 0.21640625 0.9236111111111112 
1 0.1609375 0.9381944444444444 
1 0.112890625 0.9298611111111111 
1 0.902734375 0.73125 
1 0.909375 0.7902777777777777 
1 0.98046875 0.5902777777777778 
1 0.9390625 0.40555555555555556 
1 0.723828125 0.7277777777777777 
1 0.0265625 0.7270833333333333 
1 0.034765625 0.6152777777777778 
1 0.15078125 0.4618055555555556 
1 0.137109375 0.2923611111111111 
1 0.11015625 0.24861111111111112 
1 0.066796875 0.24722222222222223 
1 0.041796875 0.2513888888888889 
1 0.05859375 0.10972222222222222 
1 0.05390625 0.08611111111111111 
1 0.078125 0.06041666666666667 
1 0.128125 0.16458333333333333 
1 0.12578125 0.13194444444444445 
1 0.10546875 0.13194444444444445 
1 0.16796875 0.12638888888888888 
1 0.197265625 0.05763888888888889 
1 0.2375 0.05694444444444444 
1 0.27578125 0.050694444444444445 
1 0.269921875 0.11736111111111111 
1 0.215234375 0.15486111111111112 
1 0.333984375 0.11875 
1 0.432421875 0.01597222222222222 
1 0.44765625 0.04513888888888889 
1 0.472265625 0.04027777777777778 
1 0.43203125 0.11319444444444444 
1 0.476953125 0.1111111111111111 
1 0.565625 0.14097222222222222 
1 0.5921875 0.14097222222222222 
1 0.641796875 0.13680555555555557 
1 0.6890625 0.027083333333333334 
1 0.69296875 0.13402777777777777 
1 0.710546875 0.09236111111111112 
1 0.741015625 0.13402777777777777 
1 0.723046875 0.03194444444444444 
1 0.75 0.029166666666666667 
1 0.772265625 0.02638888888888889 
1 0.795703125 0.025694444444444443 
1 0.818359375 0.022222222222222223 
1 0.723828125 0.22916666666666666 
1 0.752734375 0.22777777777777777 
1 0.778515625 0.22569444444444445 
1 0.80859375 0.22777777777777777 
