1 0.4 0.9534722222222223 
1 0.2484375 0.9479166666666666 
1 0.215234375 0.9298611111111111 
1 0.44609375 0.9527777777777777 
1 0.90234375 0.7347222222222223 
1 0.919921875 0.7916666666666666 
1 0.936328125 0.8479166666666667 
1 0.948828125 0.9465277777777777 
1 0.726171875 0.7256944444444444 
1 0.59375 0.7333333333333333 
1 0.55234375 0.7395833333333334 
1 0.51328125 0.7326388888888888 
1 0.426953125 0.7381944444444445 
1 0.29765625 0.7347222222222223 
1 0.256640625 0.7395833333333334 
1 0.1734375 0.7409722222222223 
1 0.1390625 0.7256944444444444 
1 0.09765625 0.7333333333333333 
1 0.059765625 0.7326388888888888 
1 0.883203125 0.6388888888888888 
1 0.84140625 0.6368055555555555 
1 0.801171875 0.63125 
1 0.76796875 0.6368055555555555 
1 0.72890625 0.6291666666666667 
1 0.691015625 0.6340277777777777 
1 0.653125 0.63125 
1 0.6125 0.6347222222222222 
1 0.574609375 0.6243055555555556 
1 0.5421875 0.6277777777777778 
1 0.507421875 0.6298611111111111 
1 0.43828125 0.6305555555555555 
1 0.405859375 0.6236111111111111 
1 0.371875 0.6291666666666667 
1 0.337109375 0.6208333333333333 
1 0.300390625 0.6222222222222222 
1 0.25234375 0.6243055555555556 
1 0.216015625 0.6243055555555556 
1 0.15390625 0.6215277777777778 
1 0.062890625 0.6131944444444445 
1 0.030078125 0.6118055555555556 
1 0.011328125 0.6013888888888889 
1 0.85234375 0.4638888888888889 
1 0.833984375 0.39652777777777776 
1 0.803515625 0.4013888888888889 
1 0.81484375 0.46458333333333335 
1 0.770703125 0.3993055555555556 
1 0.785546875 0.46458333333333335 
1 0.746875 0.4638888888888889 
1 0.707421875 0.4013888888888889 
1 0.71640625 0.46597222222222223 
1 0.67734375 0.39652777777777776 
1 0.67890625 0.46458333333333335 
1 0.647265625 0.3958333333333333 
1 0.648046875 0.4666666666666667 
1 0.6171875 0.46041666666666664 
1 0.584765625 0.39861111111111114 
1 0.58515625 0.4638888888888889 
1 0.958203125 0.47847222222222224 
1 0.944140625 0.40694444444444444 
1 0.92734375 0.33819444444444446 
1 0.553125 0.4618055555555556 
1 0.552734375 0.39791666666666664 
1 0.524609375 0.39861111111111114 
1 0.522265625 0.4625 
1 0.493359375 0.40069444444444446 
1 0.491015625 0.4652777777777778 
1 0.46484375 0.4 
1 0.458203125 0.4638888888888889 
1 0.436328125 0.4 
1 0.408203125 0.39652777777777776 
1 0.398828125 0.46319444444444446 
1 0.38203125 0.3972222222222222 
1 0.368359375 0.46597222222222223 
1 0.33828125 0.4618055555555556 
1 0.290625 0.46458333333333335 
1 0.280078125 0.4013888888888889 
1 0.25078125 0.4027777777777778 
1 0.2609375 0.4625 
1 0.232421875 0.4618055555555556 
1 0.203125 0.46458333333333335 
1 0.198046875 0.40555555555555556 
1 0.175390625 0.4673611111111111 
1 0.120703125 0.4673611111111111 
1 0.115234375 0.4027777777777778 
1 0.09140625 0.4625 
1 0.0390625 0.4048611111111111 
1 0.012890625 0.4083333333333333 
1 0.040625 0.4666666666666667 
1 0.015625 0.4625 
1 0.815625 0.275 
1 0.810546875 0.22361111111111112 
1 0.78359375 0.22916666666666666 
1 0.755859375 0.22708333333333333 
1 0.759765625 0.27847222222222223 
1 0.72421875 0.22152777777777777 
1 0.729296875 0.2777777777777778 
1 0.703125 0.27569444444444446 
1 0.6734375 0.2263888888888889 
1 0.671875 0.28055555555555556 
1 0.648046875 0.225 
1 0.646484375 0.28055555555555556 
1 0.61640625 0.2298611111111111 
1 0.615234375 0.2777777777777778 
1 0.5625 0.28541666666666665 
1 0.5375 0.23819444444444443 
1 0.546875 0.25277777777777777 
1 0.534375 0.28541666666666665 
1 0.483203125 0.28958333333333336 
1 0.457421875 0.2875 
1 0.42890625 0.2916666666666667 
1 0.40546875 0.2881944444444444 
1 0.4109375 0.23333333333333334 
1 0.348046875 0.24375 
1 0.31875 0.24027777777777778 
1 0.31171875 0.2902777777777778 
1 0.284765625 0.2881944444444444 
1 0.2484375 0.2375 
1 0.233984375 0.29305555555555557 
1 0.2015625 0.2423611111111111 
1 0.176953125 0.24375 
1 0.153125 0.2465277777777778 
1 0.130859375 0.24791666666666667 
1 0.137890625 0.29444444444444445 
1 0.08671875 0.24722222222222223 
1 0.089453125 0.29444444444444445 
1 0.065234375 0.29583333333333334 
1 0.0390625 0.3013888888888889 
1 0.063671875 0.24583333333333332 
1 0.0390625 0.25763888888888886 
1 0.796875 0.12986111111111112 
1 0.74140625 0.13541666666666666 
1 0.714453125 0.09791666666666667 
1 0.691796875 0.10486111111111111 
1 0.66640625 0.1361111111111111 
1 0.61640625 0.10277777777777777 
1 0.594140625 0.09652777777777778 
1 0.594140625 0.14652777777777778 
1 0.569140625 0.14166666666666666 
1 0.544921875 0.1451388888888889 
1 0.52265625 0.1111111111111111 
1 0.50234375 0.11388888888888889 
1 0.479296875 0.1111111111111111 
1 0.473046875 0.14722222222222223 
1 0.45546875 0.10833333333333334 
1 0.45078125 0.14652777777777778 
1 0.4328125 0.11527777777777778 
1 0.412890625 0.11388888888888889 
1 0.404296875 0.1486111111111111 
1 0.381640625 0.11527777777777778 
1 0.3703125 0.15 
1 0.346875 0.14930555555555555 
1 0.333984375 0.11597222222222223 
1 0.31484375 0.11041666666666666 
1 0.291015625 0.11319444444444444 
1 0.322265625 0.15416666666666667 
1 0.301171875 0.15138888888888888 
1 0.28046875 0.15555555555555556 
1 0.2484375 0.11875 
1 0.2078125 0.12361111111111112 
1 0.1953125 0.15555555555555556 
1 0.18671875 0.12083333333333333 
1 0.171484375 0.15694444444444444 
1 0.146875 0.125 
1 0.123828125 0.12569444444444444 
1 0.10234375 0.12777777777777777 
1 0.08671875 0.16597222222222222 
1 0.108203125 0.16180555555555556 
1 0.13125 0.16111111111111112 
1 0.0125 0.1798611111111111 
1 0.0171875 0.15763888888888888 
1 0.0296875 0.14375 
1 0.0375 0.12291666666666666 
1 0.046875 0.10486111111111111 
1 0.080078125 0.052083333333333336 
1 0.096484375 0.020833333333333332 
1 0.1421875 0.06319444444444444 
1 0.160546875 0.06180555555555556 
1 0.180078125 0.05763888888888889 
1 0.198828125 0.05694444444444444 
1 0.217578125 0.05347222222222222 
1 0.237109375 0.052083333333333336 
1 0.254296875 0.049305555555555554 
1 0.27421875 0.05 
1 0.296875 0.04861111111111111 
1 0.334375 0.04722222222222222 
1 0.3546875 0.04722222222222222 
1 0.375 0.05 
1 0.394921875 0.04791666666666667 
1 0.429296875 0.04097222222222222 
1 0.4484375 0.043055555555555555 
1 0.469140625 0.04513888888888889 
1 0.511328125 0.035416666666666666 
1 0.552734375 0.034027777777777775 
1 0.574609375 0.03333333333333333 
1 0.596484375 0.027777777777777776 
1 0.63984375 0.029166666666666667 
1 0.68359375 0.025 
1 0.705859375 0.027083333333333334 
1 0.727734375 0.02638888888888889 
1 0.75078125 0.022916666666666665 
1 0.77265625 0.025 
1 0.79375 0.022222222222222223 
1 0.840234375 0.025 
1 0.1546875 0.027777777777777776 
1 0.171875 0.030555555555555555 
1 0.211328125 0.01875 
1 0.230859375 0.017361111111111112 
1 0.248046875 0.016666666666666666 
1 0.26953125 0.017361111111111112 
1 0.475 0.015277777777777777 
1 0.662109375 0.011805555555555555 
1 0.49921875 0.9569444444444445 
1 0.545703125 0.95625 
1 0.651171875 0.9493055555555555 
1 0.701171875 0.9597222222222223 
1 0.86640625 0.017361111111111112 
