1 0.286328125 0.2902777777777778 
1 0.291015625 0.4652777777777778 
1 0.335546875 0.46875 
1 0.39453125 0.46805555555555556 
1 0.8484375 0.4597222222222222 
1 0.30234375 0.61875 
1 0.33671875 0.6166666666666667 
1 0.54140625 0.6208333333333333 
1 0.875 0.6215277777777778 
1 0.064453125 0.6118055555555556 
1 0.043359375 0.4625 
1 0.016015625 0.4583333333333333 
1 0.0875 0.30069444444444443 
1 0.0671875 0.29583333333333334 
1 0.040625 0.2965277777777778 
1 0.0203125 0.2923611111111111 
1 0.073046875 0.24375 
1 0.043359375 0.24861111111111112 
1 0.385546875 0.24027777777777778 
1 0.903515625 0.7361111111111112 
1 0.333984375 0.11805555555555555 
1 0.248046875 0.11736111111111111 
1 0.188671875 0.12430555555555556 
1 0.125390625 0.12777777777777777 
1 0.103125 0.12777777777777777 
1 0.089453125 0.1673611111111111 
1 0.048046875 0.10833333333333334 
1 0.059765625 0.08888888888888889 
1 0.105078125 0.011111111111111112 
1 0.140625 0.06666666666666667 
1 0.153515625 0.030555555555555555 
1 0.172265625 0.03194444444444444 
1 0.19140625 0.02847222222222222 
1 0.179296875 0.05625 
1 0.253125 0.05486111111111111 
1 0.26953125 0.01875 
1 0.29453125 0.05 
1 0.430859375 0.016666666666666666 
1 0.445703125 0.04097222222222222 
1 0.4953125 0.017361111111111112 
1 0.59296875 0.10138888888888889 
1 0.65625 0.03888888888888889 
1 0.8171875 0.025694444444444443 
1 0.809765625 0.2298611111111111 
1 0.1546875 0.9430555555555555 
