1 0.23515625 0.2881944444444444 
1 0.259765625 0.2902777777777778 
1 0.286328125 0.2902777777777778 
1 0.3109375 0.28888888888888886 
1 0.336328125 0.29097222222222224 
1 0.3765625 0.2875 
1 0.404296875 0.2881944444444444 
1 0.430078125 0.2902777777777778 
1 0.4546875 0.2875 
1 0.48125 0.28888888888888886 
1 0.50625 0.28680555555555554 
1 0.5328125 0.28680555555555554 
1 0.5609375 0.28194444444444444 
1 0.588671875 0.2826388888888889 
1 0.61796875 0.2826388888888889 
1 0.644140625 0.28125 
1 0.673046875 0.28125 
1 0.701171875 0.27847222222222223 
1 0.731640625 0.28055555555555556 
1 0.7609375 0.27708333333333335 
1 0.78671875 0.27708333333333335 
1 0.81640625 0.2743055555555556 
1 0.19765625 0.40069444444444446 
1 0.223046875 0.3993055555555556 
1 0.249609375 0.4013888888888889 
1 0.281640625 0.4013888888888889 
1 0.312890625 0.4027777777777778 
1 0.350390625 0.40208333333333335 
1 0.375390625 0.4013888888888889 
1 0.409765625 0.3958333333333333 
1 0.436328125 0.39791666666666664 
1 0.465234375 0.39652777777777776 
1 0.495703125 0.3958333333333333 
1 0.521875 0.39652777777777776 
1 0.553125 0.3951388888888889 
1 0.61328125 0.39305555555555555 
1 0.647265625 0.3888888888888889 
1 0.67890625 0.39375 
1 0.709375 0.38958333333333334 
1 0.741015625 0.39166666666666666 
1 0.7734375 0.39166666666666666 
1 0.806640625 0.3909722222222222 
1 0.839453125 0.39166666666666666 
1 0.176171875 0.4618055555555556 
1 0.205078125 0.4638888888888889 
1 0.232421875 0.4597222222222222 
1 0.26015625 0.4673611111111111 
1 0.291015625 0.4652777777777778 
1 0.335546875 0.46875 
1 0.3671875 0.4666666666666667 
1 0.39453125 0.46805555555555556 
1 0.42734375 0.4638888888888889 
1 0.456640625 0.46805555555555556 
1 0.48984375 0.46805555555555556 
1 0.51875 0.46875 
1 0.55234375 0.46597222222222223 
1 0.582421875 0.4673611111111111 
1 0.613671875 0.4666666666666667 
1 0.646875 0.4638888888888889 
1 0.68046875 0.4673611111111111 
1 0.71171875 0.4652777777777778 
1 0.74609375 0.46597222222222223 
1 0.77890625 0.46319444444444446 
1 0.812109375 0.46597222222222223 
1 0.8484375 0.4597222222222222 
1 0.121875 0.6152777777777778 
1 0.1515625 0.6180555555555556 
1 0.187109375 0.61875 
1 0.219140625 0.6166666666666667 
1 0.2515625 0.6222222222222222 
1 0.30234375 0.61875 
1 0.33671875 0.6166666666666667 
1 0.37265625 0.6201388888888889 
1 0.405078125 0.6201388888888889 
1 0.438671875 0.6236111111111111 
1 0.47109375 0.6222222222222222 
1 0.506640625 0.6243055555555556 
1 0.54140625 0.6208333333333333 
1 0.57890625 0.6222222222222222 
1 0.6140625 0.6201388888888889 
1 0.651953125 0.6256944444444444 
1 0.7265625 0.6256944444444444 
1 0.7640625 0.625 
1 0.801171875 0.6277777777777778 
1 0.837109375 0.6236111111111111 
1 0.875 0.6215277777777778 
1 0.095703125 0.7368055555555556 
1 0.1375 0.7388888888888889 
1 0.1765625 0.7388888888888889 
1 0.219140625 0.7368055555555556 
1 0.25703125 0.7368055555555556 
1 0.300390625 0.7354166666666667 
1 0.3859375 0.7458333333333333 
1 0.429296875 0.7409722222222223 
1 0.510546875 0.7479166666666667 
1 0.396875 0.9493055555555555 
1 0.44453125 0.9493055555555555 
1 0.728515625 0.7395833333333334 
1 0.778515625 0.7486111111111111 
1 0.830078125 0.7465277777777778 
1 0.90078125 0.7270833333333333 
1 0.908203125 0.7868055555555555 
1 0.921484375 0.8416666666666667 
1 0.97265625 0.5465277777777777 
1 0.251953125 0.9493055555555555 
1 0.215234375 0.9277777777777778 
1 0.157421875 0.9451388888888889 
1 0.5546875 0.7395833333333334 
1 0.09453125 0.6180555555555556 
1 0.066796875 0.6159722222222223 
1 0.03515625 0.6215277777777778 
1 0.147265625 0.4638888888888889 
1 0.119140625 0.46597222222222223 
1 0.09453125 0.4652777777777778 
1 0.066796875 0.46597222222222223 
1 0.0390625 0.4625 
1 0.01484375 0.4652777777777778 
1 0.015625 0.40208333333333335 
1 0.040234375 0.39791666666666664 
1 0.063671875 0.4013888888888889 
1 0.089453125 0.4013888888888889 
1 0.116796875 0.40069444444444446 
1 0.140625 0.3972222222222222 
1 0.166796875 0.40208333333333335 
1 0.249609375 0.3402777777777778 
1 0.808984375 0.22430555555555556 
1 0.78125 0.22430555555555556 
1 0.75 0.22361111111111112 
1 0.723828125 0.22569444444444445 
1 0.696484375 0.2222222222222222 
1 0.66953125 0.22291666666666668 
1 0.64296875 0.22430555555555556 
1 0.61484375 0.22152777777777777 
1 0.5890625 0.22083333333333333 
1 0.5640625 0.22847222222222222 
1 0.536328125 0.22708333333333333 
1 0.5109375 0.2326388888888889 
1 0.485546875 0.2326388888888889 
1 0.459375 0.23333333333333334 
1 0.43515625 0.2361111111111111 
1 0.4125 0.23541666666666666 
1 0.385546875 0.2361111111111111 
1 0.348046875 0.24027777777777778 
1 0.325 0.2375 
1 0.298046875 0.23819444444444443 
1 0.27421875 0.24097222222222223 
1 0.25078125 0.24375 
1 0.225 0.2423611111111111 
1 0.209375 0.29305555555555557 
1 0.186328125 0.2923611111111111 
1 0.159375 0.29375 
1 0.136328125 0.29583333333333334 
1 0.116015625 0.29375 
1 0.0921875 0.2965277777777778 
1 0.068359375 0.29375 
1 0.0421875 0.2986111111111111 
1 0.0203125 0.29930555555555555 
1 0.199609375 0.24375 
1 0.17890625 0.2388888888888889 
1 0.153125 0.24444444444444444 
1 0.134765625 0.24305555555555555 
1 0.112890625 0.24444444444444444 
1 0.091015625 0.24583333333333332 
1 0.0671875 0.25069444444444444 
1 0.04375 0.24930555555555556 
1 0.7953125 0.13541666666666666 
1 0.76640625 0.14097222222222222 
1 0.741015625 0.1375 
1 0.71640625 0.13680555555555557 
1 0.68984375 0.14027777777777778 
1 0.665625 0.1423611111111111 
1 0.63984375 0.14444444444444443 
1 0.615625 0.14305555555555555 
1 0.591796875 0.14305555555555555 
1 0.56875 0.14583333333333334 
1 0.544921875 0.14583333333333334 
1 0.522265625 0.1527777777777778 
1 0.498828125 0.14930555555555555 
1 0.475390625 0.15138888888888888 
1 0.451953125 0.15555555555555556 
1 0.42890625 0.15208333333333332 
1 0.405078125 0.15208333333333332 
1 0.372265625 0.15208333333333332 
1 0.347265625 0.15347222222222223 
1 0.32265625 0.15416666666666667 
1 0.3015625 0.15069444444444444 
1 0.278515625 0.15555555555555556 
1 0.256640625 0.15486111111111112 
1 0.235546875 0.1597222222222222 
1 0.2140625 0.15347222222222223 
1 0.19296875 0.1597222222222222 
1 0.172265625 0.16111111111111112 
1 0.150390625 0.1625 
1 0.12890625 0.16666666666666666 
1 0.10859375 0.16875 
1 0.0875 0.16805555555555557 
1 0.784765625 0.08958333333333333 
1 0.758984375 0.08680555555555555 
1 0.7359375 0.08958333333333333 
1 0.712109375 0.09097222222222222 
1 0.689453125 0.09305555555555556 
1 0.663671875 0.09305555555555556 
1 0.63984375 0.09722222222222222 
1 0.616015625 0.09930555555555555 
1 0.593359375 0.09444444444444444 
1 0.573046875 0.09305555555555556 
1 0.547265625 0.09583333333333334 
1 0.526171875 0.10069444444444445 
1 0.50390625 0.10694444444444444 
1 0.480859375 0.10208333333333333 
1 0.4578125 0.10902777777777778 
1 0.433984375 0.1111111111111111 
1 0.4109375 0.11180555555555556 
1 0.381640625 0.11180555555555556 
1 0.358203125 0.1125 
1 0.333984375 0.11458333333333333 
1 0.310546875 0.1125 
1 0.290625 0.11458333333333333 
1 0.272265625 0.1125 
1 0.248046875 0.11736111111111111 
1 0.228515625 0.11319444444444444 
1 0.2078125 0.11388888888888889 
1 0.187109375 0.11805555555555555 
1 0.165234375 0.12152777777777778 
1 0.14609375 0.12291666666666666 
1 0.126953125 0.1284722222222222 
1 0.1078125 0.13194444444444445 
1 0.019140625 0.16180555555555556 
1 0.030078125 0.14375 
1 0.01484375 0.17777777777777778 
1 0.041015625 0.13125 
1 0.046875 0.10902777777777778 
1 0.05859375 0.09444444444444444 
1 0.06796875 0.0798611111111111 
1 0.07578125 0.0625 
1 0.10078125 0.024305555555555556 
1 0.14140625 0.06597222222222222 
1 0.1609375 0.0625 
1 0.181640625 0.059027777777777776 
1 0.2 0.05347222222222222 
1 0.215234375 0.05416666666666667 
1 0.2359375 0.05347222222222222 
1 0.255078125 0.050694444444444445 
1 0.275390625 0.04861111111111111 
1 0.2953125 0.049305555555555554 
1 0.31640625 0.04861111111111111 
1 0.336328125 0.05 
1 0.355078125 0.04652777777777778 
1 0.378125 0.04791666666666667 
1 0.399609375 0.04513888888888889 
1 0.42890625 0.04375 
1 0.44921875 0.04375 
1 0.46953125 0.04027777777777778 
1 0.489453125 0.04027777777777778 
1 0.509765625 0.03958333333333333 
1 0.53203125 0.0375 
1 0.55234375 0.03819444444444445 
1 0.575 0.03333333333333333 
1 0.596875 0.03333333333333333 
1 0.618359375 0.030555555555555555 
1 0.63984375 0.03333333333333333 
1 0.663671875 0.034027777777777775 
1 0.684765625 0.03125 
1 0.705859375 0.025694444444444443 
1 0.73046875 0.027083333333333334 
1 0.752734375 0.024305555555555556 
1 0.7734375 0.02638888888888889 
1 0.795703125 0.02847222222222222 
1 0.818359375 0.02638888888888889 
1 0.840234375 0.022916666666666665 
1 0.1125 0.9465277777777777 
1 0.542578125 0.9458333333333333 
1 0.498828125 0.9506944444444444 
1 0.592578125 0.9479166666666666 
1 0.7046875 0.9597222222222223 
1 0.945703125 0.9611111111111111 
1 0.985546875 0.6333333333333333 
1 0.86171875 0.020833333333333332 
1 0.155078125 0.02638888888888889 
1 0.175390625 0.02638888888888889 
1 0.209765625 0.02847222222222222 
1 0.22578125 0.021527777777777778 
1 0.247265625 0.01875 
1 0.267578125 0.013888888888888888 
1 0.28671875 0.013888888888888888 
1 0.307421875 0.013194444444444444 
1 0.324609375 0.014583333333333334 
1 0.34375 0.016666666666666666 
1 0.361328125 0.015277777777777777 
1 0.383203125 0.01597222222222222 
1 0.40234375 0.0125 
1 0.4328125 0.013194444444444444 
1 0.451171875 0.013888888888888888 
1 0.472265625 0.010416666666666666 
1 0.493359375 0.008333333333333333 
1 0.514453125 0.007638888888888889 
1 0.533984375 0.009027777777777777 
1 0.555859375 0.006944444444444444 
1 0.575 0.006944444444444444 
1 0.088671875 0.05 
1 0.0953125 0.03333333333333333 
1 0.107421875 0.009722222222222222 
