1 0.23515625 0.2881944444444444 
1 0.259765625 0.2902777777777778 
1 0.286328125 0.2902777777777778 
1 0.3109375 0.28888888888888886 
1 0.336328125 0.29097222222222224 
1 0.404296875 0.2881944444444444 
1 0.4546875 0.2875 
1 0.50625 0.28680555555555554 
1 0.5328125 0.28680555555555554 
1 0.5609375 0.28194444444444444 
1 0.61796875 0.2826388888888889 
1 0.673046875 0.28125 
1 0.701171875 0.27847222222222223 
1 0.731640625 0.28055555555555556 
1 0.7609375 0.27708333333333335 
1 0.81640625 0.2743055555555556 
1 0.19765625 0.40069444444444446 
1 0.223046875 0.3993055555555556 
1 0.249609375 0.4013888888888889 
1 0.281640625 0.4013888888888889 
1 0.350390625 0.40208333333333335 
1 0.375390625 0.4013888888888889 
1 0.409765625 0.3958333333333333 
1 0.436328125 0.39791666666666664 
1 0.465234375 0.39652777777777776 
1 0.495703125 0.3958333333333333 
1 0.521875 0.39652777777777776 
1 0.58359375 0.39652777777777776 
1 0.647265625 0.3888888888888889 
1 0.839453125 0.39166666666666666 
1 0.205078125 0.4638888888888889 
1 0.232421875 0.4597222222222222 
1 0.291015625 0.4652777777777778 
1 0.335546875 0.46875 
1 0.3671875 0.4666666666666667 
1 0.42734375 0.4638888888888889 
1 0.456640625 0.46805555555555556 
1 0.48984375 0.46805555555555556 
1 0.51875 0.46875 
1 0.582421875 0.4673611111111111 
1 0.646875 0.4638888888888889 
1 0.68046875 0.4673611111111111 
1 0.71171875 0.4652777777777778 
1 0.74609375 0.46597222222222223 
1 0.77890625 0.46319444444444446 
1 0.812109375 0.46597222222222223 
1 0.121875 0.6152777777777778 
1 0.1515625 0.6180555555555556 
1 0.187109375 0.61875 
1 0.219140625 0.6166666666666667 
1 0.2515625 0.6222222222222222 
1 0.30234375 0.61875 
1 0.33671875 0.6166666666666667 
1 0.37265625 0.6201388888888889 
1 0.405078125 0.6201388888888889 
1 0.47109375 0.6222222222222222 
1 0.54140625 0.6208333333333333 
1 0.57890625 0.6222222222222222 
1 0.6140625 0.6201388888888889 
1 0.689453125 0.6277777777777778 
1 0.7265625 0.6256944444444444 
1 0.7640625 0.625 
1 0.801171875 0.6277777777777778 
1 0.837109375 0.6236111111111111 
1 0.875 0.6215277777777778 
1 0.095703125 0.7368055555555556 
1 0.1375 0.7388888888888889 
1 0.25703125 0.7368055555555556 
1 0.470703125 0.7444444444444445 
1 0.510546875 0.7479166666666667 
1 0.5484375 0.7284722222222222 
1 0.593359375 0.7270833333333333 
1 0.726171875 0.7298611111111111 
1 0.912890625 0.7944444444444444 
1 0.973828125 0.5625 
1 0.954296875 0.47152777777777777 
1 0.9359375 0.39444444444444443 
1 0.024609375 0.7256944444444444 
1 0.09140625 0.6152777777777778 
1 0.03203125 0.6131944444444445 
1 0.167578125 0.5381944444444444 
1 0.1484375 0.46458333333333335 
1 0.808984375 0.2263888888888889 
1 0.722265625 0.22152777777777777 
1 0.69453125 0.22708333333333333 
1 0.7828125 0.09722222222222222 
1 0.519140625 0.14375 
1 0.2859375 0.2222222222222222 
1 0.35 0.2326388888888889 
1 0.38203125 0.2375 
1 0.24921875 0.2375 
1 0.211328125 0.28958333333333336 
1 0.18515625 0.2951388888888889 
1 0.159765625 0.2916666666666667 
1 0.20234375 0.24027777777777778 
1 0.11875 0.4638888888888889 
1 0.090625 0.4618055555555556 
1 0.065234375 0.46319444444444446 
1 0.0375 0.4652777777777778 
1 0.013671875 0.46319444444444446 
1 0.016015625 0.4027777777777778 
1 0.037890625 0.4041666666666667 
1 0.063671875 0.40347222222222223 
1 0.08828125 0.4027777777777778 
1 0.114453125 0.40208333333333335 
1 0.141015625 0.40208333333333335 
1 0.16640625 0.4013888888888889 
1 0.500390625 0.10694444444444444 
1 0.659375 0.027083333333333334 
1 0.681640625 0.027777777777777776 
1 0.4265625 0.15347222222222223 
1 0.457421875 0.11388888888888889 
1 0.43359375 0.11180555555555556 
1 0.410546875 0.11388888888888889 
1 0.40234375 0.15763888888888888 
1 0.368359375 0.15486111111111112 
1 0.380859375 0.11319444444444444 
1 0.355078125 0.11180555555555556 
1 0.3453125 0.15347222222222223 
1 0.3109375 0.12361111111111112 
1 0.2890625 0.12013888888888889 
1 0.256640625 0.15555555555555556 
1 0.25 0.11597222222222223 
1 0.22734375 0.12291666666666666 
1 0.235546875 0.15555555555555556 
1 0.153515625 0.24444444444444444 
1 0.109765625 0.29444444444444445 
1 0.135546875 0.29305555555555557 
1 0.13046875 0.24375 
1 0.107421875 0.24513888888888888 
1 0.087890625 0.24722222222222223 
1 0.06328125 0.24722222222222223 
1 0.043359375 0.25 
1 0.019140625 0.2972222222222222 
1 0.042578125 0.2965277777777778 
1 0.06484375 0.29305555555555557 
1 0.087890625 0.2951388888888889 
1 0.488671875 0.04097222222222222 
1 0.427734375 0.041666666666666664 
1 0.373828125 0.05 
1 0.31328125 0.049305555555555554 
1 0.295703125 0.04791666666666667 
1 0.27578125 0.049305555555555554 
1 0.254296875 0.05416666666666667 
1 0.233984375 0.05347222222222222 
1 0.214453125 0.05277777777777778 
1 0.195703125 0.06041666666666667 
1 0.159375 0.0625 
1 0.13984375 0.06458333333333334 
1 0.15390625 0.027777777777777776 
1 0.17265625 0.025694444444444443 
1 0.18984375 0.027083333333333334 
1 0.208203125 0.027083333333333334 
1 0.229296875 0.022916666666666665 
1 0.250390625 0.020833333333333332 
1 0.2671875 0.022222222222222223 
1 0.283984375 0.018055555555555554 
1 0.01328125 0.17291666666666666 
1 0.0203125 0.15694444444444444 
1 0.02890625 0.14027777777777778 
1 0.03828125 0.12361111111111112 
1 0.0484375 0.10694444444444444 
1 0.059375 0.09513888888888888 
1 0.066015625 0.07291666666666667 
1 0.07734375 0.06111111111111111 
1 0.083984375 0.04861111111111111 
1 0.09140625 0.034027777777777775 
1 0.101171875 0.020833333333333332 
1 0.194921875 0.16041666666666668 
1 0.1734375 0.16041666666666668 
1 0.151171875 0.16111111111111112 
1 0.129296875 0.16111111111111112 
1 0.1078125 0.1638888888888889 
1 0.08671875 0.16666666666666666 
1 0.1046875 0.13055555555555556 
1 0.12734375 0.12777777777777777 
1 0.146484375 0.12430555555555556 
1 0.166796875 0.12430555555555556 
1 0.185546875 0.12291666666666666 
1 0.208203125 0.11944444444444445 
1 0.444140625 0.9493055555555555 
1 0.74609375 0.94375 
1 0.1625 0.9395833333333333 
1 0.01171875 0.6152777777777778 
1 0.00859375 0.19444444444444445 
1 0.105078125 0.011111111111111112 
1 0.3046875 0.013888888888888888 
1 0.325 0.013888888888888888 
1 0.340625 0.01597222222222222 
1 0.362109375 0.018055555555555554 
1 0.38203125 0.014583333333333334 
1 0.404296875 0.017361111111111112 
1 0.431640625 0.014583333333333334 
1 0.45234375 0.01597222222222222 
1 0.470703125 0.014583333333333334 
1 0.490625 0.011805555555555555 
1 0.5125 0.014583333333333334 
1 0.862109375 0.017361111111111112 
